[DisplacementOffsets]
LBCB1X1=0.000000
LBCB1X2=0.001000
LBCB1Y1=0.001000
LBCB1Z1=0.001000
LBCB1Z2=0.001000
LBCB1Z3=0.001000
LBCB2X1=0.000000
LBCB2X2=0.001000
LBCB2Y1=0.001000
LBCB2Z1=0.001000
LBCB2Z2=0.001000
LBCB2Z3=0.001000
