[StiffnessJacobian]
LBCB1.dFx = "32681.052785 0.000000 0.000000 0.000000 983.927610 0.000000"
LBCB2.dFx = "1000000.000000 0.000000 0.000000 0.000000 0.000000 0.000000"
LBCB1.dFy = "3346.928830 1000000.000000 0.000000 0.000000 375.034923 0.000000"
LBCB2.dFy = "0.000000 1000000.000000 0.000000 0.000000 0.000000 0.000000"
LBCB1.dFz = "556.032401 0.000000 1000000.000000 0.000000 585.451868 0.000000"
LBCB2.dFz = "0.000000 0.000000 1000000.000000 0.000000 0.000000 0.000000"
LBCB1.dMx = "22871.515266 0.000000 0.000000 1000000.000000 2003.325718 0.000000"
LBCB2.dMx = "0.000000 0.000000 0.000000 1000000.000000 0.000000 0.000000"
LBCB1.dMy = "24536.525222 0.000000 0.000000 0.000000 18471.059248 0.000000"
LBCB2.dMy = "0.000000 0.000000 0.000000 0.000000 1000000.000000 0.000000"
LBCB1.dMz = "825.098636 0.000000 0.000000 0.000000 4065.823216 1000000.000000"
LBCB2.dMz = "0.000000 0.000000 0.000000 0.000000 0.000000 1000000.000000"

[Mixed Mode Force Error Range]
LBCB1X = 5.000000    
LBCB1Y = 5.000000    
LBCB1Z = 5.000000    
LBCB1Rx = 15.000000    
LBCB1Ry = 15.000000    
LBCB1Rz = 15.000000    
LBCB2X = 0.000000    
LBCB2Y = 0.000000    
LBCB2Z = 5.000000    
LBCB2Rx = 0.000000    
LBCB2Ry = 0.000000    
LBCB2Rz = 0.000000    

[Mixed Mode Jacobian Gain]
LBCB1X = 0.900000    
LBCB1Y = 0.900000    
LBCB1Z = 0.900000    
LBCB1Rx = 0.900000    
LBCB1Ry = 0.900000    
LBCB1Rz = 0.900000    
LBCB2X = 0.800000    
LBCB2Y = 0.800000    
LBCB2Z = 0.800000    
LBCB2Rx = 0.800000    
LBCB2Ry = 0.800000    
LBCB2Rz = 0.800000    

[Mixed Mode Max Increment]
LBCB1X = 0.010000    
LBCB1Y = 0.010000    
LBCB1Z = 0.010000    
LBCB1Rx = 0.010000    
LBCB1Ry = 0.010000    
LBCB1Rz = 0.010000    
LBCB2X = 0.010000    
LBCB2Y = 0.010000    
LBCB2Z = 0.010000    
LBCB2Rx = 0.010000    
LBCB2Ry = 0.010000    
LBCB2Rz = 0.010000    

[Ramp.Time]
InitialRamp = 2.000000    
InitialStabilize = 2.000000    
InitialHold = 2.000000    
IterativeRamp = 2.000000    
IterativeStabilize = 2.000000    
IterativeHold = 2.000000    