[StiffnessJacobian]
LBCB1.dFx = "1000000.000000 0.000000 0.000000 0.000000 0.000000 0.000000"
LBCB2.dFx = "1000000.000000 0.000000 0.000000 0.000000 0.000000 0.000000"
LBCB1.dFy = "0.000000 1000000.000000 0.000000 0.000000 0.000000 0.000000"
LBCB2.dFy = "0.000000 1000000.000000 0.000000 0.000000 0.000000 0.000000"
LBCB1.dFz = "0.000000 0.000000 1000000.000000 0.000000 0.000000 0.000000"
LBCB2.dFz = "0.000000 0.000000 1000000.000000 0.000000 0.000000 0.000000"
LBCB1.dMx = "0.000000 0.000000 0.000000 1000000.000000 0.000000 0.000000"
LBCB2.dMx = "0.000000 0.000000 0.000000 1000000.000000 0.000000 0.000000"
LBCB1.dMy = "0.000000 0.000000 0.000000 0.000000 1000000.000000 0.000000"
LBCB2.dMy = "0.000000 0.000000 0.000000 0.000000 1000000.000000 0.000000"
LBCB1.dMz = "0.000000 0.000000 0.000000 0.000000 0.000000 1000000.000000"
LBCB2.dMz = "0.000000 0.000000 0.000000 0.000000 0.000000 1000000.000000"

[Mixed Mode Force Error Range]
LBCB1X = 0.100000    
LBCB1Y = 0.050000    
LBCB1Z = 2.000000    
LBCB1Rx = 3.000000    
LBCB1Ry = 30.000000    
LBCB1Rz = 3.000000    
LBCB2X = 0.100000    
LBCB2Y = 0.050000    
LBCB2Z = 2.000000    
LBCB2Rx = 3.000000    
LBCB2Ry = 30.000000    
LBCB2Rz = 3.000000    

[Mixed Mode Jacobian Gain]
LBCB1X = 0.900000    
LBCB1Y = 0.900000    
LBCB1Z = 0.900000    
LBCB1Rx = 0.900000    
LBCB1Ry = 0.300000    
LBCB1Rz = 0.900000    
LBCB2X = 0.900000    
LBCB2Y = 0.900000    
LBCB2Z = 0.900000    
LBCB2Rx = 0.900000    
LBCB2Ry = 0.300000    
LBCB2Rz = 0.900000    

[Mixed Mode Max Increment]
LBCB1X = 0.001000    
LBCB1Y = 0.001000    
LBCB1Z = 0.005000    
LBCB1Rx = 0.005000    
LBCB1Ry = 0.000100    
LBCB1Rz = 0.005000    
LBCB2X = 0.010000    
LBCB2Y = 0.010000    
LBCB2Z = 0.003000    
LBCB2Rx = 0.005000    
LBCB2Ry = 0.000100    
LBCB2Rz = 0.005000    

[Ramp.Time]
InitialRamp = 20.000000    
InitialStabilize = 2.500000    
InitialHold = 2.500000    
IterativeRamp = 1.000000    
IterativeStabilize = 0.500000    
IterativeHold = 0.500000    

[Mixed Mode Force Group Priorities]
LBCB1X = 0.000000    
LBCB1Y = 0.000000    
LBCB1Z = 0.000000    
LBCB1Rx = 6.000000    
LBCB1Ry = 6.000000    
LBCB1Rz = 6.000000    
LBCB2X = 0.000000    
LBCB2Y = 0.000000    
LBCB2Z = 0.000000    
LBCB2Rx = 6.000000    
LBCB2Ry = 6.000000    
LBCB2Rz = 6.000000    

[Force Control Parameters]
.ForceErrorRangeRatios = TRUE    
.GroupPriorities = FALSE    
.MultiCommand = FALSE    
.TruMixedMode = FALSE
.StiffnessIncrement = 0    

[Stiffness.Upper.Limit]
LBCB1X = 1000000.000000    
LBCB1Y = 1000000.000000    
LBCB1Z = 100000000.000000    
LBCB1Rx = 10000000000.000000    
LBCB1Ry = 10000000000.000000    
LBCB1Rz = 10000000000.000000    
LBCB2X = 1000000.000000    
LBCB2Y = 1000000.000000    
LBCB2Z = 100000000.000000    
LBCB2Rx = 10000000000.000000    
LBCB2Ry = 10000000000.000000    
LBCB2Rz = 10000000000.000000    

[Stiffness.Lower.Limit]
LBCB1X = 100.000000    
LBCB1Y = 100.000000    
LBCB1Z = 100.000000    
LBCB1Rx = 100.000000    
LBCB1Ry = 100.000000    
LBCB1Rz = 100.000000    
LBCB2X = 100.000000    
LBCB2Y = 100.000000    
LBCB2Z = 100.000000    
LBCB2Rx = 100.000000    
LBCB2Ry = 100.000000    
LBCB2Rz = 100.000000    