[StiffnessJacobian]
LBCB1.dFx="1000000.000000 0.000000 0.000000 0.000000 0.000000 0.000000"
LBCB2.dFx="1000000.000000 0.000000 0.000000 0.000000 0.000000 0.000000"
LBCB1.dFy="0.000000 1000000.000000 0.000000 0.000000 0.000000 0.000000"
LBCB2.dFy="0.000000 1000000.000000 0.000000 0.000000 0.000000 0.000000"
LBCB1.dFz="0.000000 0.000000 1000000.000000 0.000000 0.000000 0.000000"
LBCB2.dFz="0.000000 0.000000 1000000.000000 0.000000 0.000000 0.000000"
LBCB1.dMx="0.000000 0.000000 0.000000 1000000.000000 0.000000 0.000000"
LBCB2.dMx="0.000000 0.000000 0.000000 1000000.000000 0.000000 0.000000"
LBCB1.dMy="0.000000 0.000000 0.000000 0.000000 1000000.000000 0.000000"
LBCB2.dMy="0.000000 0.000000 0.000000 0.000000 1000000.000000 0.000000"
LBCB1.dMz="0.000000 0.000000 0.000000 0.000000 0.000000 1000000.000000"
LBCB2.dMz="0.000000 0.000000 0.000000 0.000000 0.000000 1000000.000000"
[Mixed Mode Force Error Range]
LBCB1X=0.000000
LBCB1Y=0.000000
LBCB1Z=5.000000
LBCB1Rx=0.000000
LBCB1Ry=0.000000
LBCB1Rz=0.000000
LBCB2X=0.000000
LBCB2Y=0.000000
LBCB2Z=5.000000
LBCB2Rx=0.000000
LBCB2Ry=0.000000
LBCB2Rz=0.000000
[Mixed Mode Jacobian Gain]
LBCB1X=0.800000
LBCB1Y=0.800000
LBCB1Z=0.800000
LBCB1Rx=0.800000
LBCB1Ry=0.800000
LBCB1Rz=0.800000
[Mixed Mode Max Increment]
LBCB1X=0.010000
LBCB1Y=0.010000
LBCB1Z=0.010000
LBCB1Rx=0.010000
LBCB1Ry=0.010000
LBCB1Rz=0.010000
LBCB2X=0.010000
LBCB2Y=0.010000
LBCB2Z=0.010000
LBCB2Rx=0.010000
LBCB2Ry=0.010000
LBCB2Rz=0.010000
