[DisplacementOffsets]
LBCB1X1=0.001000
LBCB1X2=0.002000
LBCB1Y1=0.003000
LBCB1Z1=0.004000
LBCB1Z2=0.005000
LBCB1Z3=0.006000
LBCB2X1=0.006000
LBCB2X2=0.005000
LBCB2Y1=0.004000
LBCB2Z1=0.003000
LBCB2Z2=0.002000
LBCB2Z3=0.001000
[Auto Balance Error]
LBCB1 X1 LBCB1 X2 LBCB1 Y1 LBCB1 Z1 LBCB1 Z2 LBCB1 Z3=""
LBCB2 X1 LBCB2 X2 LBCB2 Y1 LBCB2 Z1 LBCB2 Z2 LBCB2 Z3=""
