[StiffnessJacobian]
LBCB1.dFx = "480.530325 0.000000 383.123197 0.000000 0.000000 0.000000"
LBCB2.dFx = "348.388746 0.000000 0.000000 0.000000 0.000000 0.000000"
LBCB1.dFy = "16.741569 1000000.000000 11.887749 0.000000 0.000000 0.000000"
LBCB2.dFy = "2.807259 1000000.000000 8.084050 0.000000 43.010852 0.000000"
LBCB1.dFz = "388.923465 0.000000 2366.944992 0.000000 0.000000 0.000000"
LBCB2.dFz = "13.317194 0.000000 2600.210021 0.000000 3053.379475 0.000000"
LBCB1.dMx = "94.142076 0.000000 189.562039 1000000.000000 0.000000 0.000000"
LBCB2.dMx = "1187.077910 0.000000 0.000000 1000000.000000 1606.396329 0.000000"
LBCB1.dMy = "128.640139 0.000000 3720.735967 0.000000 1800000.000000 0.000000"
LBCB2.dMy = "109.422710 0.000000 65.269771 0.000000 1841362.219119 0.000000"
LBCB1.dMz = "945.576850 0.000000 170.119237 0.000000 0.000000 1000000.000000"
LBCB2.dMz = "629.964089 0.000000 185.965734 0.000000 16783.698541 1000000.000000"

[Mixed Mode Force Error Range]
LBCB1X = 2.000000    
LBCB1Y = 5.000000    
LBCB1Z = 5.000000    
LBCB1Rx = 50.000000    
LBCB1Ry = 50.000000    
LBCB1Rz = 50.000000    
LBCB2X = 2.000000    
LBCB2Y = 5.000000    
LBCB2Z = 5.000000    
LBCB2Rx = 50.000000    
LBCB2Ry = 50.000000    
LBCB2Rz = 50.000000    

[Mixed Mode Jacobian Gain]
LBCB1X = 0.900000    
LBCB1Y = 0.900000    
LBCB1Z = 0.900000    
LBCB1Rx = 0.900000    
LBCB1Ry = 0.900000    
LBCB1Rz = 0.900000    
LBCB2X = 0.900000    
LBCB2Y = 0.900000    
LBCB2Z = 0.900000    
LBCB2Rx = 0.900000    
LBCB2Ry = 0.900000    
LBCB2Rz = 0.900000    

[Mixed Mode Max Increment]
LBCB1X = 0.002000    
LBCB1Y = 0.010000    
LBCB1Z = 0.010000    
LBCB1Rx = 0.001000    
LBCB1Ry = 0.000100    
LBCB1Rz = 0.001000    
LBCB2X = 0.002000    
LBCB2Y = 0.010000    
LBCB2Z = 0.010000    
LBCB2Rx = 0.001000    
LBCB2Ry = 0.000100    
LBCB2Rz = 0.001000    

[Ramp.Time]
InitialRamp = 2.000000    
InitialStabilize = 2.000000    
InitialHold = 2.000000    
IterativeRamp = 2.000000    
IterativeStabilize = 2.000000    
IterativeHold = 2.000000    