[StiffnessJacobian]
LBCB1.dFx = "1000000.000000 0.000000 0.000000 0.000000 0.000000 0.000000"
LBCB2.dFx = "1000000.000000 0.000000 0.000000 0.000000 0.000000 0.000000"
LBCB1.dFy = "0.000000 1000000.000000 0.000000 0.000000 0.000000 0.000000"
LBCB2.dFy = "0.000000 1000000.000000 0.000000 0.000000 0.000000 0.000000"
LBCB1.dFz = "0.000000 0.000000 1000000.000000 0.000000 0.000000 0.000000"
LBCB2.dFz = "0.000000 0.000000 1000000.000000 0.000000 0.000000 0.000000"
LBCB1.dMx = "0.000000 0.000000 0.000000 1000000.000000 0.000000 0.000000"
LBCB2.dMx = "0.000000 0.000000 0.000000 1000000.000000 0.000000 0.000000"
LBCB1.dMy = "0.000000 0.000000 0.000000 0.000000 1000000.000000 0.000000"
LBCB2.dMy = "0.000000 0.000000 0.000000 0.000000 1000000.000000 0.000000"
LBCB1.dMz = "0.000000 0.000000 0.000000 0.000000 0.000000 1000000.000000"
LBCB2.dMz = "0.000000 0.000000 0.000000 0.000000 0.000000 1000000.000000"

[Mixed Mode Force Error Range]
LBCB1X = 1.000000    
LBCB1Y = 1.000000    
LBCB1Z = 3.000000    
LBCB1Rx = 100.000000    
LBCB1Ry = 100.000000    
LBCB1Rz = 150.000000    
LBCB2X = 5.000000    
LBCB2Y = 5.000000    
LBCB2Z = 3.500000    
LBCB2Rx = 500.000000    
LBCB2Ry = 250.000000    
LBCB2Rz = 500.000000    

[Mixed Mode Jacobian Gain]
LBCB1X = 0.700000    
LBCB1Y = 0.700000    
LBCB1Z = 0.700000    
LBCB1Rx = 0.700000    
LBCB1Ry = 0.700000    
LBCB1Rz = 0.700000    
LBCB2X = 0.700000    
LBCB2Y = 0.700000    
LBCB2Z = 0.700000    
LBCB2Rx = 0.700000    
LBCB2Ry = 0.700000    
LBCB2Rz = 0.700000    

[Mixed Mode Max Increment]
LBCB1X = 0.001000    
LBCB1Y = 0.001000    
LBCB1Z = 0.007000    
LBCB1Rx = 0.000080    
LBCB1Ry = 0.000040    
LBCB1Rz = 0.000001    
LBCB2X = 0.001000    
LBCB2Y = 0.000001    
LBCB2Z = 0.040000    
LBCB2Rx = 0.000006    
LBCB2Ry = 0.010000    
LBCB2Rz = 0.000001    

[Ramp.Time]
InitialRamp = 45.000000    
InitialStabilize = 0.400000    
InitialHold = 0.500000    
IterativeRamp = 1.000000    
IterativeStabilize = 0.400000    
IterativeHold = 0.500000    

[Mixed Mode Force Group Priorities]
LBCB1X = 0.000000    
LBCB1Y = 0.000000    
LBCB1Z = 0.000000    
LBCB1Rx = 6.000000    
LBCB1Ry = 6.000000    
LBCB1Rz = 6.000000    
LBCB2X = 0.000000    
LBCB2Y = 0.000000    
LBCB2Z = 0.000000    
LBCB2Rx = 6.000000    
LBCB2Ry = 6.000000    
LBCB2Rz = 6.000000    

[Force Control Parameters]
.ForceErrorRangeRatios = TRUE    
.GroupPriorities = FALSE    
.MultiCommand = FALSE    
.TruMixedMode = FALSE
.StiffnessIncrement = 0    

[Stiffness.Upper.Limit]
LBCB1X = 1000000.000000    
LBCB1Y = 1000000.000000    
LBCB1Z = 1000000000.000000    
LBCB1Rx = 10000000000.000000    
LBCB1Ry = 10000000000.000000    
LBCB1Rz = 10000000000.000000    
LBCB2X = 1000000.000000    
LBCB2Y = 1000000.000000    
LBCB2Z = 20000.000000    
LBCB2Rx = 1000000000.000000    
LBCB2Ry = 1000000000.000000    
LBCB2Rz = 1000000000.000000    

[Stiffness.Lower.Limit]
LBCB1X = 1000.000000    
LBCB1Y = 1000.000000    
LBCB1Z = 1000.000000    
LBCB1Rx = 1000.000000    
LBCB1Ry = 1000.000000    
LBCB1Rz = 1000.000000    
LBCB2X = 1000.000000    
LBCB2Y = 1000.000000    
LBCB2Z = 5000.000000    
LBCB2Rx = 1000.000000    
LBCB2Ry = 1000.000000    
LBCB2Rz = 1000.000000    