[StiffnessJacobian]
LBCB1.dFx = "1000000.000000 0.000000 0.000000 0.000000 0.000000 0.000000"
LBCB2.dFx = "1000000.000000 0.000000 0.000000 0.000000 0.000000 0.000000"
LBCB1.dFy = "0.000000 1000000.000000 0.000000 0.000000 0.000000 0.000000"
LBCB2.dFy = "0.000000 1000000.000000 0.000000 0.000000 0.000000 0.000000"
LBCB1.dFz = "0.000000 0.000000 1000000.000000 0.000000 0.000000 0.000000"
LBCB2.dFz = "0.000000 0.000000 1000000.000000 0.000000 0.000000 0.000000"
LBCB1.dMx = "0.000000 0.000000 0.000000 1000000.000000 0.000000 0.000000"
LBCB2.dMx = "0.000000 0.000000 0.000000 1000000.000000 0.000000 0.000000"
LBCB1.dMy = "0.000000 0.000000 0.000000 0.000000 1000000.000000 0.000000"
LBCB2.dMy = "0.000000 0.000000 0.000000 0.000000 1000000.000000 0.000000"
LBCB1.dMz = "0.000000 0.000000 0.000000 0.000000 0.000000 1000000.000000"
LBCB2.dMz = "0.000000 0.000000 0.000000 0.000000 0.000000 1000000.000000"

[Mixed Mode Force Error Range]
LBCB1X = 2.000000    
LBCB1Y = 5.000000    
LBCB1Z = 5.000000    
LBCB1Rx = 100.000000    
LBCB1Ry = 100.000000    
LBCB1Rz = 100.000000    
LBCB2X = 5.000000    
LBCB2Y = 5.000000    
LBCB2Z = 5.000000    
LBCB2Rx = 100.000000    
LBCB2Ry = 100.000000    
LBCB2Rz = 100.000000    

[Mixed Mode Jacobian Gain]
LBCB1X = 0.800000    
LBCB1Y = 0.900000    
LBCB1Z = 0.900000    
LBCB1Rx = 0.900000    
LBCB1Ry = 0.900000    
LBCB1Rz = 0.900000    
LBCB2X = 0.900000    
LBCB2Y = 0.900000    
LBCB2Z = 0.900000    
LBCB2Rx = 0.900000    
LBCB2Ry = 0.900000    
LBCB2Rz = 0.900000    

[Mixed Mode Max Increment]
LBCB1X = 0.000500    
LBCB1Y = 0.000500    
LBCB1Z = 0.000500    
LBCB1Rx = 0.000100    
LBCB1Ry = 0.000100    
LBCB1Rz = 0.000100    
LBCB2X = 0.000500    
LBCB2Y = 0.000500    
LBCB2Z = 0.000500    
LBCB2Rx = 0.000100    
LBCB2Ry = 0.000100    
LBCB2Rz = 0.000100    

[Ramp.Time]
InitialRamp = 2.000000    
InitialStabilize = 2.000000    
InitialHold = 2.000000    
IterativeRamp = 2.000000    
IterativeStabilize = 2.000000    
IterativeHold = 2.000000    

[Mixed Mode Force Group Priorities]
LBCB1X = 0.000000    
LBCB1Y = 0.000000    
LBCB1Z = 0.000000    
LBCB1Rx = 6.000000    
LBCB1Ry = 6.000000    
LBCB1Rz = 6.000000    
LBCB2X = 0.000000    
LBCB2Y = 0.000000    
LBCB2Z = 0.000000    
LBCB2Rx = 6.000000    
LBCB2Ry = 6.000000    
LBCB2Rz = 6.000000    

[Force Control Parameters]
.ForceErrorRangeRatios = TRUE    
.GroupPriorities = TRUE    
.MultiCommand = FALSE    
.TruMixedMode = FALSE    

[Stiffness.Upper.Limit]
LBCB1X = 1000000.000000    
LBCB1Y = 1000000.000000    
LBCB1Z = 1000000.000000    
LBCB1Rx = 1000000.000000    
LBCB1Ry = 1000000.000000    
LBCB1Rz = 1000000.000000    
LBCB2X = 1000000.000000    
LBCB2Y = 1000000.000000    
LBCB2Z = 1000000.000000    
LBCB2Rx = 1000000.000000    
LBCB2Ry = 1000000.000000    
LBCB2Rz = 1000000.000000    

[Stiffness.Lower.Limit]
LBCB1X = 1000.000000    
LBCB1Y = 1000.000000    
LBCB1Z = 1000.000000    
LBCB1Rx = 1000.000000    
LBCB1Ry = 1000.000000    
LBCB1Rz = 1000.000000    
LBCB2X = 1000.000000    
LBCB2Y = 1000.000000    
LBCB2Z = 1000.000000    
LBCB2Rx = 1000.000000    
LBCB2Ry = 1000.000000    
LBCB2Rz = 1000.000000    